00 00 00 00 00 00 00 01
00 00 00 00 00 00 80 82
80 00 00 00 00 00 80 8A
80 00 00 00 80 00 80 00
00 00 00 00 00 00 80 8B
00 00 00 00 80 00 00 01
80 00 00 00 80 00 80 81
80 00 00 00 00 00 80 09
00 00 00 00 00 00 00 8A
00 00 00 00 00 00 00 88
00 00 00 00 80 00 80 09
00 00 00 00 80 00 00 0A
00 00 00 00 80 00 80 8B
80 00 00 00 00 00 00 8B
80 00 00 00 00 00 80 89
80 00 00 00 00 00 80 03
80 00 00 00 00 00 80 02
80 00 00 00 00 00 00 80
00 00 00 00 00 00 80 0A
80 00 00 00 80 00 00 0A
80 00 00 00 80 00 80 81
80 00 00 00 00 00 80 80
00 00 00 00 80 00 00 01
80 00 00 00 80 00 80 08